ObjectNumber,Metadata_site,Metadata_concentration,Metadata_hour,Metadata_treatment,Predicted_Probability,Is_Test,S
1,0,25.84,2,afa,0.7975530980414709,False,0.612623140915471
2,0,25.84,2,afa,0.8725226631935987,True,0.6875927060675988
3,0,25.84,2,afa,0.8657243477116147,False,0.6807943905856148
4,0,25.84,2,afa,0.6469528809880857,False,0.46202292386208577
5,0,25.84,2,afa,0.8692972088507804,False,0.6843672517247805
6,0,25.84,2,afa,0.8455946849749949,False,0.660664727848995
7,0,25.84,2,afa,0.9002747428225824,False,0.7153447856965824
8,0,25.84,2,afa,0.8676180404617024,False,0.6826880833357025
9,0,25.84,2,afa,0.8857143601254436,True,0.7007844029994437
10,0,25.84,2,afa,0.7971905223338875,False,0.6122605652078876
11,0,25.84,2,afa,0.8765241655661725,False,0.6915942084401726
12,0,25.84,2,afa,0.8340540785949143,False,0.6491241214689144
13,0,25.84,2,afa,0.8702298110558091,False,0.6852998539298092
14,0,25.84,2,afa,0.8812728714168129,True,0.696342914290813
15,0,25.84,2,afa,0.6390242689150369,True,0.45409431178903703
16,0,25.84,2,afa,0.7520257348326027,False,0.5670957777066028
17,0,25.84,2,afa,0.8584231884542287,False,0.6734932313282288
18,0,25.84,2,afa,0.8285795247025105,False,0.6436495675765106
19,0,25.84,2,afa,0.8837173785473038,False,0.6987874214213039
20,0,25.84,2,afa,0.6475719961152504,False,0.4626420389892505
21,0,25.84,2,afa,0.7569506634772238,True,0.5720207063512239
1,1,25.84,2,afa,0.8891144666903742,True,0.7041845095643743
2,1,25.84,2,afa,0.8918240504420252,False,0.7068940933160253
3,1,25.84,2,afa,0.8931978940662454,True,0.7082679369402455
4,1,25.84,2,afa,0.8747068512827733,False,0.6897768941567733
5,1,25.84,2,afa,0.8463825854560962,False,0.6614526283300963
6,1,25.84,2,afa,0.8710906802854975,False,0.6861607231594976
7,1,25.84,2,afa,0.7785502137726983,False,0.5936202566466984
8,1,25.84,2,afa,0.8727707859380818,False,0.6878408288120819
9,1,25.84,2,afa,0.8694515108750531,False,0.6845215537490532
10,1,25.84,2,afa,0.8777919841950199,False,0.69286202706902
11,1,25.84,2,afa,0.8290312441300014,False,0.6441012870040015
12,1,25.84,2,afa,0.8599783723569552,False,0.6750484152309553
13,1,25.84,2,afa,0.8197928925651039,False,0.634862935439104
14,1,25.84,2,afa,0.8712775750790159,True,0.686347617953016
15,1,25.84,2,afa,0.8617846745684344,False,0.6768547174424345
16,1,25.84,2,afa,0.8885909613473337,False,0.7036610042213338
17,1,25.84,2,afa,0.8823175714770481,False,0.6973876143510482
18,1,25.84,2,afa,0.884123671224763,False,0.6991937140987631
19,1,25.84,2,afa,0.8472832962986508,True,0.6623533391726509
20,1,25.84,2,afa,0.8983316579692909,True,0.713401700843291
21,1,25.84,2,afa,0.8782060501042981,False,0.6932760929782982
22,1,25.84,2,afa,0.805307041520748,False,0.620377084394748
23,1,25.84,2,afa,0.8943739837786226,True,0.7094440266526227
24,1,25.84,2,afa,0.7223502762715619,True,0.537420319145562
25,1,25.84,2,afa,0.8901255767089395,False,0.7051956195829396
26,1,25.84,2,afa,0.8694840775503501,False,0.6845541204243502
27,1,25.84,2,afa,0.877513488301247,True,0.6925835311752471
1,10,25.84,2,afa,0.8852434041118871,True,0.7003134469858872
2,10,25.84,2,afa,0.3691517732907637,True,0.18422181616476382
3,10,25.84,2,afa,0.7842617854529517,True,0.5993318283269518
4,10,25.84,2,afa,0.8742106411643835,False,0.6892806840383836
5,10,25.84,2,afa,0.6849460917130917,True,0.5000161345870918
6,10,25.84,2,afa,0.8261919627365844,True,0.6412620056105844
7,10,25.84,2,afa,0.8888493177524681,True,0.7039193606264682
8,10,25.84,2,afa,0.8583045544278451,False,0.6733745973018452
9,10,25.84,2,afa,0.8523527844785587,False,0.6674228273525588
10,10,25.84,2,afa,0.8138807037925126,False,0.6289507466665127
11,10,25.84,2,afa,0.8859233374208791,True,0.7009933802948792
12,10,25.84,2,afa,0.7966072065964468,False,0.6116772494704469
13,10,25.84,2,afa,0.8608328483806709,False,0.675902891254671
14,10,25.84,2,afa,0.871683066661188,False,0.6867531095351881
15,10,25.84,2,afa,0.8559980840718957,True,0.6710681269458958
16,10,25.84,2,afa,0.8696737328732546,False,0.6847437757472546
17,10,25.84,2,afa,0.8274898325155388,True,0.6425598753895388
1,11,25.84,2,afa,0.8752772269712319,False,0.690347269845232
2,11,25.84,2,afa,0.8474284498597712,False,0.6624984927337713
3,11,25.84,2,afa,0.8776188023271757,False,0.6926888452011758
4,11,25.84,2,afa,0.8790801152431371,False,0.6941501581171372
5,11,25.84,2,afa,0.8853466731336234,False,0.7004167160076235
6,11,25.84,2,afa,0.8489085171079997,True,0.6639785599819998
7,11,25.84,2,afa,0.8260687583739674,True,0.6411388012479675
8,11,25.84,2,afa,0.7015992541704719,False,0.516669297044472
9,11,25.84,2,afa,0.8446395657628034,False,0.6597096086368035
10,11,25.84,2,afa,0.872998708644497,False,0.6880687515184971
11,11,25.84,2,afa,0.8732311038886145,False,0.6883011467626146
12,11,25.84,2,afa,0.8462151113796244,False,0.6612851542536244
13,11,25.84,2,afa,0.8542405500875105,False,0.6693105929615106
14,11,25.84,2,afa,0.8477165255642859,False,0.662786568438286
15,11,25.84,2,afa,0.8860099147057534,False,0.7010799575797535
16,11,25.84,2,afa,0.8038913239809503,True,0.6189613668549504
17,11,25.84,2,afa,0.8939667075521287,True,0.7090367504261288
18,11,25.84,2,afa,0.8764988718940145,False,0.6915689147680146
19,11,25.84,2,afa,0.859014463387356,False,0.6740845062613561
20,11,25.84,2,afa,0.8522244558684292,False,0.6672944987424293
21,11,25.84,2,afa,0.8730922831324358,False,0.6881623260064359
1,12,25.84,2,afa,0.8513523507674892,False,0.6664223936414893
2,12,25.84,2,afa,0.8556363967918165,True,0.6707064396658166
3,12,25.84,2,afa,0.8446132878531586,True,0.6596833307271587
4,12,25.84,2,afa,0.8635406396885863,False,0.6786106825625864
5,12,25.84,2,afa,0.8492389023606586,False,0.6643089452346587
6,12,25.84,2,afa,0.8744871807464911,True,0.6895572236204912
7,12,25.84,2,afa,0.7291791975876633,False,0.5442492404616633
8,12,25.84,2,afa,0.8638925288076441,False,0.6789625716816442
9,12,25.84,2,afa,0.685853787005256,True,0.5009238298792561
10,12,25.84,2,afa,0.7250647108491363,False,0.5401347537231364
11,12,25.84,2,afa,0.8773873803608602,False,0.6924574232348603
12,12,25.84,2,afa,0.8536214006434293,False,0.6686914435174294
13,12,25.84,2,afa,0.8607642992125099,False,0.6758343420865099
14,12,25.84,2,afa,0.829072648194292,True,0.6441426910682921
15,12,25.84,2,afa,0.8463398518355124,False,0.6614098947095125
1,13,25.84,2,afa,0.7672394063386999,False,0.5823094492127
2,13,25.84,2,afa,0.7259332429238906,True,0.5410032857978907
3,13,25.84,2,afa,0.8683156818967859,False,0.683385724770786
4,13,25.84,2,afa,0.8209014683524218,False,0.6359715112264219
5,13,25.84,2,afa,0.3909354270505919,True,0.20600546992459204
6,13,25.84,2,afa,0.8308122707742218,True,0.6458823136482219
7,13,25.84,2,afa,0.8581665601817494,False,0.6732366030557495
8,13,25.84,2,afa,0.6583479678329487,False,0.4734180107069488
9,13,25.84,2,afa,0.8602338933024946,False,0.6753039361764946
10,13,25.84,2,afa,0.8030519408217129,True,0.618121983695713
11,13,25.84,2,afa,0.8594361859162873,False,0.6745062287902874
12,13,25.84,2,afa,0.8637648070214526,False,0.6788348498954527
13,13,25.84,2,afa,0.8630932156757293,False,0.6781632585497294
14,13,25.84,2,afa,0.7682836043437309,False,0.583353647217731
15,13,25.84,2,afa,0.8065166137348866,False,0.6215866566088867
16,13,25.84,2,afa,0.8325566272010416,False,0.6476266700750417
17,13,25.84,2,afa,0.8275302313189357,False,0.6426002741929357
18,13,25.84,2,afa,0.8653394989438304,False,0.6804095418178305
19,13,25.84,2,afa,0.8144766263493409,False,0.629546669223341
20,13,25.84,2,afa,0.8454137381969191,False,0.6604837810709192
21,13,25.84,2,afa,0.7687259372281583,True,0.5837959801021584
1,15,25.84,2,afa,0.8570250144469954,False,0.6720950573209955
2,15,25.84,2,afa,0.8247826287328868,True,0.6398526716068869
3,15,25.84,2,afa,0.8349896219292056,False,0.6500596648032057
4,15,25.84,2,afa,0.8390071257577532,False,0.6540771686317532
5,15,25.84,2,afa,0.8200544138852578,False,0.6351244567592579
6,15,25.84,2,afa,0.814751912424045,False,0.6298219552980451
7,15,25.84,2,afa,0.7281188371818776,True,0.5431888800558777
8,15,25.84,2,afa,0.8785068821999239,False,0.693576925073924
9,15,25.84,2,afa,0.8249755177461019,True,0.640045560620102
10,15,25.84,2,afa,0.8533277269848469,False,0.668397769858847
11,15,25.84,2,afa,0.8580616766003818,False,0.6731317194743819
12,15,25.84,2,afa,0.8576856869191085,False,0.6727557297931086
13,15,25.84,2,afa,0.6608678268985476,True,0.4759378697725477
14,15,25.84,2,afa,0.8675262433284707,True,0.6825962862024708
15,15,25.84,2,afa,0.8873132762833794,False,0.7023833191573795
16,15,25.84,2,afa,0.879403363389774,False,0.6944734062637741
17,15,25.84,2,afa,0.8369845420792419,True,0.652054584953242
18,15,25.84,2,afa,0.7152051863980782,False,0.5302752292720783
19,15,25.84,2,afa,0.8857478683469854,False,0.7008179112209855
20,15,25.84,2,afa,0.8685621747504708,False,0.6836322176244709
21,15,25.84,2,afa,0.8654565843358663,False,0.6805266272098663
22,15,25.84,2,afa,0.8208946340554762,False,0.6359646769294763
23,15,25.84,2,afa,0.8294129606052248,False,0.6444830034792249
1,2,25.84,2,afa,0.8562009663703757,False,0.6712710092443758
2,2,25.84,2,afa,0.8528517509310465,False,0.6679217938050466
3,2,25.84,2,afa,0.7834070223976514,False,0.5984770652716515
4,2,25.84,2,afa,0.8916702970794057,False,0.7067403399534058
5,2,25.84,2,afa,0.810967270402825,True,0.6260373132768251
6,2,25.84,2,afa,0.68929314120466,False,0.5043631840786601
7,2,25.84,2,afa,0.6650090427728333,True,0.48007908564683344
8,2,25.84,2,afa,0.8273168500150309,False,0.642386892889031
9,2,25.84,2,afa,0.5251100751360218,True,0.3401801180100219
10,2,25.84,2,afa,0.8478296167055049,False,0.662899659579505
11,2,25.84,2,afa,0.8269950638768829,False,0.642065106750883
12,2,25.84,2,afa,0.6427994383783039,True,0.457869481252304
13,2,25.84,2,afa,0.8683499373860293,False,0.6834199802600294
14,2,25.84,2,afa,0.8391339110472668,False,0.6542039539212668
15,2,25.84,2,afa,0.8057060377651533,False,0.6207760806391533
16,2,25.84,2,afa,0.805602622440501,True,0.620672665314501
17,2,25.84,2,afa,0.37338447049362006,True,0.18845451336762017
18,2,25.84,2,afa,0.7864370457767029,False,0.601507088650703
19,2,25.84,2,afa,0.788222726946642,False,0.6032927698206421
20,2,25.84,2,afa,0.770026024253356,False,0.5850960671273561
21,2,25.84,2,afa,0.8459130745433452,False,0.6609831174173453
22,2,25.84,2,afa,0.7747157876982029,True,0.589785830572203
23,2,25.84,2,afa,0.5813984145779743,False,0.39646845745197434
24,2,25.84,2,afa,0.8411927328030352,False,0.6562627756770353
25,2,25.84,2,afa,0.5818585485686628,True,0.3969285914426629
1,3,25.84,2,afa,0.8489393846702191,False,0.6640094275442192
2,3,25.84,2,afa,0.8537660969667715,False,0.6688361398407716
3,3,25.84,2,afa,0.7883070253312114,False,0.6033770682052115
4,3,25.84,2,afa,0.8636295948251383,False,0.6786996376991384
5,3,25.84,2,afa,0.5112366145219848,True,0.32630665739598486
6,3,25.84,2,afa,0.8737593430024324,False,0.6888293858764325
7,3,25.84,2,afa,0.8137089997265331,False,0.6287790426005332
8,3,25.84,2,afa,0.8672350444757878,False,0.6823050873497879
9,3,25.84,2,afa,0.872580869257715,False,0.6876509121317151
10,3,25.84,2,afa,0.8084025923969037,False,0.6234726352709038
11,3,25.84,2,afa,0.8640639599207669,False,0.679134002794767
12,3,25.84,2,afa,0.8047641422421752,False,0.6198341851161753
13,3,25.84,2,afa,0.8779957286609571,False,0.6930657715349572
14,3,25.84,2,afa,0.7853517913678405,False,0.6004218342418406
15,3,25.84,2,afa,0.8514136086753357,False,0.6664836515493358
16,3,25.84,2,afa,0.8295327638517913,False,0.6446028067257914
17,3,25.84,2,afa,0.8248099583031105,False,0.6398800011771106
18,3,25.84,2,afa,0.8093721987445921,True,0.6244422416185922
19,3,25.84,2,afa,0.8648852301925176,True,0.6799552730665177
20,3,25.84,2,afa,0.4055602718902681,True,0.22063031476426823
21,3,25.84,2,afa,0.8797931682205704,True,0.6948632110945705
22,3,25.84,2,afa,0.8525342370267346,True,0.6676042799007347
23,3,25.84,2,afa,0.8688859039857725,False,0.6839559468597726
1,4,25.84,2,afa,0.8118798099250277,False,0.6269498527990278
2,4,25.84,2,afa,0.8640181451058069,False,0.679088187979807
3,4,25.84,2,afa,0.8480358831954373,False,0.6631059260694374
4,4,25.84,2,afa,0.7581779132746889,False,0.573247956148689
5,4,25.84,2,afa,0.7964231006201128,False,0.6114931434941129
6,4,25.84,2,afa,0.8261681631763252,False,0.6412382060503253
7,4,25.84,2,afa,0.8664198751990988,True,0.6814899180730989
8,4,25.84,2,afa,0.8657462710862418,False,0.6808163139602419
9,4,25.84,2,afa,0.5386139923921462,True,0.35368403526614633
10,4,25.84,2,afa,0.8508428105893155,False,0.6659128534633156
11,4,25.84,2,afa,0.8755814092829697,False,0.6906514521569698
12,4,25.84,2,afa,0.8736441128314081,False,0.6887141557054082
13,4,25.84,2,afa,0.7494577866679591,True,0.5645278295419592
14,4,25.84,2,afa,0.8703765389456688,False,0.6854465818196689
15,4,25.84,2,afa,0.8596063547896776,True,0.6746763976636777
16,4,25.84,2,afa,0.8134432206386727,False,0.6285132635126728
17,4,25.84,2,afa,0.8506042223609487,False,0.6656742652349488
18,4,25.84,2,afa,0.8148821851177288,False,0.6299522279917289
19,4,25.84,2,afa,0.6820316955606358,False,0.4971017384346359
20,4,25.84,2,afa,0.8647974539767592,True,0.6798674968507593
21,4,25.84,2,afa,0.6576592634450148,False,0.4727293063190149
22,4,25.84,2,afa,0.5752459053052446,True,0.39031594817924464
23,4,25.84,2,afa,0.8770234402478307,True,0.6920934831218308
1,5,25.84,2,afa,0.49355509059565233,True,0.3086251334696525
2,5,25.84,2,afa,0.5078157415871238,True,0.3228857844611239
3,5,25.84,2,afa,0.8599816760613386,False,0.6750517189353387
4,5,25.84,2,afa,0.8436951636661355,False,0.6587652065401356
5,5,25.84,2,afa,0.7238335726356216,True,0.5389036155096217
6,5,25.84,2,afa,0.5762784894220816,False,0.3913485322960817
7,5,25.84,2,afa,0.8482503375344855,False,0.6633203804084856
8,5,25.84,2,afa,0.844398064211313,False,0.6594681070853131
9,5,25.84,2,afa,0.852174128684506,False,0.6672441715585061
10,5,25.84,2,afa,0.8818571110719248,False,0.6969271539459249
11,5,25.84,2,afa,0.8663377785076867,False,0.6814078213816868
12,5,25.84,2,afa,0.872442008887146,True,0.687512051761146
13,5,25.84,2,afa,0.7705812108645532,False,0.5856512537385533
14,5,25.84,2,afa,0.8030351810007087,False,0.6181052238747088
1,6,25.84,2,afa,0.8908182926172609,False,0.705888335491261
2,6,25.84,2,afa,0.8393157447221663,False,0.6543857875961664
3,6,25.84,2,afa,0.856574913300064,False,0.6716449561740641
4,6,25.84,2,afa,0.7885852166186851,False,0.6036552594926852
5,6,25.84,2,afa,0.8596711768470786,False,0.6747412197210787
6,6,25.84,2,afa,0.5056734759157985,True,0.32074351878979857
7,6,25.84,2,afa,0.6840209264953827,True,0.4990909693693828
8,6,25.84,2,afa,0.8421282177635774,False,0.6571982606375775
9,6,25.84,2,afa,0.8127252969110066,False,0.6277953397850067
10,6,25.84,2,afa,0.8581436823575664,False,0.6732137252315665
11,6,25.84,2,afa,0.8220370324579198,False,0.6371070753319199
12,6,25.84,2,afa,0.8884973045908865,True,0.7035673474648866
13,6,25.84,2,afa,0.8188675920464241,False,0.6339376349204242
14,6,25.84,2,afa,0.8730645938184562,True,0.6881346366924563
15,6,25.84,2,afa,0.8157074182350442,False,0.6307774611090443
16,6,25.84,2,afa,0.6909952193625575,False,0.5060652622365576
17,6,25.84,2,afa,0.8395307036250894,False,0.6546007464990895
18,6,25.84,2,afa,0.8594738315246666,True,0.6745438743986667
19,6,25.84,2,afa,0.8749574830342265,False,0.6900275259082266
1,7,25.84,2,afa,0.7802632245899997,False,0.5953332674639998
2,7,25.84,2,afa,0.878993164449253,False,0.6940632073232531
3,7,25.84,2,afa,0.8944803184576344,False,0.7095503613316345
4,7,25.84,2,afa,0.8543581737571742,True,0.6694282166311742
5,7,25.84,2,afa,0.8601514102215994,False,0.6752214530955994
6,7,25.84,2,afa,0.8591718054886277,False,0.6742418483626278
7,7,25.84,2,afa,0.8799527603266363,False,0.6950228032006364
8,7,25.84,2,afa,0.8463820783354341,False,0.6614521212094342
9,7,25.84,2,afa,0.8704030472334109,True,0.685473090107411
10,7,25.84,2,afa,0.8803583579861856,False,0.6954284008601856
11,7,25.84,2,afa,0.8952960927876596,False,0.7103661356616597
12,7,25.84,2,afa,0.8865557823199015,False,0.7016258251939016
13,7,25.84,2,afa,0.8775580515872363,False,0.6926280944612364
14,7,25.84,2,afa,0.8963631670914225,True,0.7114332099654226
15,7,25.84,2,afa,0.858486432730061,True,0.6735564756040611
16,7,25.84,2,afa,0.8949177293262416,True,0.7099877722002417
17,7,25.84,2,afa,0.8945930952781234,True,0.7096631381521235
18,7,25.84,2,afa,0.8913491066146093,False,0.7064191494886094
1,8,25.84,2,afa,0.8922539429086325,True,0.7073239857826326
2,8,25.84,2,afa,0.8494981440278087,False,0.6645681869018087
3,8,25.84,2,afa,0.8854533977639314,False,0.7005234406379315
4,8,25.84,2,afa,0.8813819092367972,True,0.6964519521107972
5,8,25.84,2,afa,0.8316905070079852,True,0.6467605498819853
6,8,25.84,2,afa,0.8417726821656636,False,0.6568427250396637
7,8,25.84,2,afa,0.7855457989559091,False,0.6006158418299092
8,8,25.84,2,afa,0.883141192582694,False,0.6982112354566941
9,8,25.84,2,afa,0.8674119778036825,False,0.6824820206776826
10,8,25.84,2,afa,0.8920124059668801,True,0.7070824488408802
11,8,25.84,2,afa,0.8474825502628335,False,0.6625525931368336
12,8,25.84,2,afa,0.8713173229545184,False,0.6863873658285184
13,8,25.84,2,afa,0.8632276490771587,False,0.6782976919511587
14,8,25.84,2,afa,0.834989939715941,True,0.6500599825899411
15,8,25.84,2,afa,0.894787242988972,True,0.7098572858629721
16,8,25.84,2,afa,0.8074745218843413,True,0.6225445647583414
17,8,25.84,2,afa,0.860579197016348,False,0.6756492398903481
18,8,25.84,2,afa,0.8546090493196041,False,0.6696790921936042
19,8,25.84,2,afa,0.8608817684737827,False,0.6759518113477828
20,8,25.84,2,afa,0.8418598024516072,False,0.6569298453256073
21,8,25.84,2,afa,0.8907360141961946,True,0.7058060570701947
22,8,25.84,2,afa,0.8790696160597793,False,0.6941396589337794
1,9,25.84,2,afa,0.7604784248168786,False,0.5755484676908786
2,9,25.84,2,afa,0.7995336570215598,False,0.6146036998955599
3,9,25.84,2,afa,0.7197549722585546,False,0.5348250151325546
4,9,25.84,2,afa,0.8664191218304962,False,0.6814891647044963
5,9,25.84,2,afa,0.7583241851274988,False,0.5733942280014989
6,9,25.84,2,afa,0.5105956711740347,True,0.3256657140480348
7,9,25.84,2,afa,0.8248032715661037,False,0.6398733144401038
8,9,25.84,2,afa,0.8549802882582895,False,0.6700503311322896
9,9,25.84,2,afa,0.8860527360353918,True,0.7011227789093919
10,9,25.84,2,afa,0.8291998676893421,True,0.6442699105633422
11,9,25.84,2,afa,0.5704058517865993,False,0.3854758946605994
12,9,25.84,2,afa,0.5715066912867075,False,0.3865767341607076
13,9,25.84,2,afa,0.5921545810509238,True,0.40722462392492387
14,9,25.84,2,afa,0.7998164056884651,False,0.6148864485624652
15,9,25.84,2,afa,0.871671466900516,False,0.6867415097745161
16,9,25.84,2,afa,0.8895331551757565,False,0.7046031980497566
17,9,25.84,2,afa,0.7712263323257803,True,0.5862963751997804
18,9,25.84,2,afa,0.8775968814497995,True,0.6926669243237996
1,0,0.0,2,control,0.14272520978346542,False,-0.04220474734253446
2,0,0.0,2,control,0.16042176669905941,False,-0.024508190426940468
3,0,0.0,2,control,0.2999424165811915,False,0.11501245945519159
4,0,0.0,2,control,0.1965735468173174,True,0.011643589691317513
5,0,0.0,2,control,0.0075956621972890215,True,-0.17733429492871086
6,0,0.0,2,control,0.14834396659265994,True,-0.03658599053333994
7,0,0.0,2,control,0.11579771482798804,False,-0.06913224229801185
8,0,0.0,2,control,0.57091811325921,True,0.38598815613321014
9,0,0.0,2,control,0.2657036595463894,False,0.08077370242038953
10,0,0.0,2,control,0.15877269565090707,False,-0.026157261475092813
11,0,0.0,2,control,0.1300494342074875,False,-0.05488052291851239
12,0,0.0,2,control,0.12579878664282476,False,-0.05913117048317512
13,0,0.0,2,control,0.10974308594869434,True,-0.07518687117730555
14,0,0.0,2,control,0.12543710015090256,False,-0.05949285697509732
15,0,0.0,2,control,0.10969317888318957,True,-0.07523677824281032
16,0,0.0,2,control,0.22325379778695228,False,0.0383238406609524
17,0,0.0,2,control,0.22910716127443226,True,0.044177204148432375
18,0,0.0,2,control,0.14127324684715276,True,-0.04365671027884713
19,0,0.0,2,control,0.1630095426925055,False,-0.02192041443349438
20,0,0.0,2,control,0.1759438704821769,True,-0.008986086643822971
21,0,0.0,2,control,0.13822688025487814,False,-0.04670307687112174
22,0,0.0,2,control,0.14368123162550736,False,-0.04124872550049252
23,0,0.0,2,control,0.25456725794579677,False,0.06963730081979688
24,0,0.0,2,control,0.14893881230861655,False,-0.03599114481738333
1,1,0.0,2,control,0.18151797967341607,False,-0.0034119774525838142
2,1,0.0,2,control,0.11467569101741999,True,-0.07025426610857989
3,1,0.0,2,control,0.3658679244223132,True,0.1809379672963133
4,1,0.0,2,control,0.11949686716763494,False,-0.06543308995836494
5,1,0.0,2,control,0.14043686242894393,False,-0.04449309469705595
6,1,0.0,2,control,0.18905499538965265,False,0.004125038263652764
7,1,0.0,2,control,0.1424503889027654,False,-0.04247956822323448
8,1,0.0,2,control,0.2609815283808735,False,0.07605157125487363
9,1,0.0,2,control,0.12098911591447274,False,-0.06394084121152714
10,1,0.0,2,control,0.1349342457355192,False,-0.049995711390480674
11,1,0.0,2,control,0.11591837492987711,True,-0.06901158219612277
12,1,0.0,2,control,0.1290603419838489,True,-0.055869615142151
13,1,0.0,2,control,0.5907148573613108,True,0.4057849002353109
14,1,0.0,2,control,0.12177517933720731,False,-0.06315477778879257
15,1,0.0,2,control,0.47939874193032017,True,0.29446878480432026
16,1,0.0,2,control,0.16192404115719944,False,-0.023005915968800444
17,1,0.0,2,control,0.1557383539655836,False,-0.029191603160416274
18,1,0.0,2,control,0.1715769080620149,False,-0.01335304906398499
19,1,0.0,2,control,0.1383570381032976,False,-0.046572919022702275
1,10,0.0,2,control,0.1312643570576081,False,-0.05366560006839177
2,10,0.0,2,control,0.13195892208174867,False,-0.05297103504425121
3,10,0.0,2,control,0.27832098880147327,True,0.09339103167547338
4,10,0.0,2,control,0.12590294452375606,True,-0.05902701260224383
5,10,0.0,2,control,0.24272498671744072,False,0.05779502959144084
6,10,0.0,2,control,0.11289322341296701,True,-0.07203673371303287
7,10,0.0,2,control,0.15835312629033155,False,-0.026576830835668336
8,10,0.0,2,control,0.14515902254187554,True,-0.03977093458412434
9,10,0.0,2,control,0.11975522779582673,False,-0.06517472933017315
10,10,0.0,2,control,0.5574754139853195,True,0.3725454568593196
11,10,0.0,2,control,0.1123415863953974,True,-0.07258837073060248
12,10,0.0,2,control,0.1101496986596977,True,-0.07478025846630218
13,10,0.0,2,control,0.12652871430691826,False,-0.05840124281908163
14,10,0.0,2,control,0.1355148116482075,False,-0.04941514547779238
15,10,0.0,2,control,0.22231441019011414,True,0.037384453064114254
16,10,0.0,2,control,0.2714258028476332,False,0.0864958457216333
17,10,0.0,2,control,0.10731549006906316,True,-0.07761446705693673
18,10,0.0,2,control,0.22783145343626474,False,0.04290149631026485
19,10,0.0,2,control,0.1427115909344437,False,-0.042218366191556195
20,10,0.0,2,control,0.26670867714571456,True,0.08177872001971467
21,10,0.0,2,control,0.15665675574003773,False,-0.02827320138596215
1,11,0.0,2,control,0.14086106172178128,False,-0.0440688954042186
2,11,0.0,2,control,0.04170481477328256,False,-0.14322514235271733
3,11,0.0,2,control,0.1311482508652503,False,-0.05378170626074957
4,11,0.0,2,control,0.1291818484521267,False,-0.05574810867387317
5,11,0.0,2,control,0.12847153631588354,False,-0.056458420810116344
6,11,0.0,2,control,0.13487770878984895,True,-0.050052248336150934
7,11,0.0,2,control,0.14004572137984178,False,-0.0448842357461581
8,11,0.0,2,control,0.2776430060287173,False,0.0927130489027174
9,11,0.0,2,control,0.1605229872498791,False,-0.024406969876120788
10,11,0.0,2,control,0.15809185493616545,False,-0.02683810218983443
11,11,0.0,2,control,0.20723860298347066,False,0.022308645857470777
12,11,0.0,2,control,0.2772942907381062,False,0.0923643336121063
13,11,0.0,2,control,0.12255235199929806,False,-0.06237760512670182
14,11,0.0,2,control,0.20022169934976847,False,0.015291742223768584
15,11,0.0,2,control,0.15836523351483267,False,-0.026564723611167212
16,11,0.0,2,control,0.28137499030177077,False,0.09644503317577088
17,11,0.0,2,control,0.17041832226083836,False,-0.014511634865161521
18,11,0.0,2,control,0.1259789138173476,False,-0.05895104330865228
19,11,0.0,2,control,0.11965766224890162,False,-0.06527229487709826
20,11,0.0,2,control,0.23722037885198902,False,0.052290421725989134
21,11,0.0,2,control,0.2060252190639666,False,0.02109526193796671
22,11,0.0,2,control,0.16367023973509037,True,-0.02125971739090951
1,12,0.0,2,control,0.15034908419756027,False,-0.034580872928439615
2,12,0.0,2,control,0.12755665946859024,False,-0.057373297657409644
3,12,0.0,2,control,0.11480761481472652,False,-0.07012234231127336
4,12,0.0,2,control,0.12604674406903238,False,-0.058883213056967504
5,12,0.0,2,control,0.21536326390113456,False,0.030433306775134672
6,12,0.0,2,control,0.10364684645949399,True,-0.0812831106665059
7,12,0.0,2,control,0.11284714055033267,False,-0.07208281657566722
8,12,0.0,2,control,0.30704564533107204,True,0.12211568820507215
9,12,0.0,2,control,0.11845258164468042,True,-0.06647737548131946
10,12,0.0,2,control,0.11974502262834064,False,-0.06518493449765925
11,12,0.0,2,control,0.18475315132527523,True,-0.00017680580072465535
12,12,0.0,2,control,0.13094196621823836,False,-0.05398799090776152
13,12,0.0,2,control,0.4936171995064206,True,0.30868724238042067
14,12,0.0,2,control,0.12143853653107262,False,-0.06349142059492727
15,12,0.0,2,control,0.10859069919320323,True,-0.07633925793279665
16,12,0.0,2,control,0.1627304964135521,False,-0.02219946071244777
17,12,0.0,2,control,0.10771799811684164,True,-0.07721195900915824
18,12,0.0,2,control,0.2087393464679778,True,0.023809389341977905
19,12,0.0,2,control,0.12315335495948768,False,-0.06177660216651221
20,12,0.0,2,control,0.14393289713568164,False,-0.040997059990318246
1,13,0.0,2,control,0.12063994822684829,False,-0.0642900088991516
2,13,0.0,2,control,0.1090934054893385,True,-0.07583655163666138
3,13,0.0,2,control,0.14695816568632508,True,-0.0379717914396748
4,13,0.0,2,control,0.11206448100804767,False,-0.07286547611795222
5,13,0.0,2,control,0.14188587315299767,False,-0.04304408397300222
6,13,0.0,2,control,0.1376317901778041,False,-0.047298166948195774
7,13,0.0,2,control,0.1521269471867871,False,-0.032803009939212785
8,13,0.0,2,control,0.11162306933007533,True,-0.07330688779592455
9,13,0.0,2,control,0.13626616028800873,False,-0.04866379683799116
10,13,0.0,2,control,0.21603459897601054,True,0.03110464185001066
11,13,0.0,2,control,0.15271317008723642,False,-0.03221678703876346
12,13,0.0,2,control,0.15084890367162154,False,-0.03408105345437834
1,14,0.0,2,control,0.12947928364820918,False,-0.0554506734777907
2,14,0.0,2,control,0.1992484161065954,False,0.014318458980595528
3,14,0.0,2,control,0.13810787517791062,False,-0.04682208194808926
4,14,0.0,2,control,0.14072587609004267,False,-0.044204081035957216
5,14,0.0,2,control,0.12714935214031178,False,-0.0577806049856881
6,14,0.0,2,control,0.3011991285504408,False,0.1162691714244409
7,14,0.0,2,control,0.1086618865991729,True,-0.07626807052682698
8,14,0.0,2,control,0.2006524298100032,False,0.015722472684003314
9,14,0.0,2,control,0.1266502875798295,True,-0.05827966954617039
10,14,0.0,2,control,0.1426090684095902,True,-0.04232088871640968
11,14,0.0,2,control,0.17474624602125347,False,-0.010183711104746418
12,14,0.0,2,control,0.21433818199452892,False,0.029408224868529037
13,14,0.0,2,control,0.16985373957184519,False,-0.015076217554154697
14,14,0.0,2,control,0.144337030999444,False,-0.04059292612655588
15,14,0.0,2,control,0.14635837783177644,False,-0.038571579294223446
16,14,0.0,2,control,0.14435544007008094,False,-0.04057451705591894
17,14,0.0,2,control,0.1261002502092639,False,-0.058829706916735974
18,14,0.0,2,control,0.16177218154885423,False,-0.023157775577145656
19,14,0.0,2,control,0.15573657267251878,False,-0.029193384453481103
20,14,0.0,2,control,0.1192961213564027,False,-0.06563383576959718
1,15,0.0,2,control,0.12579320692509893,False,-0.05913675020090095
2,15,0.0,2,control,0.13904180990988435,False,-0.04588814721611553
3,15,0.0,2,control,0.15088097584504165,False,-0.034048981280958235
4,15,0.0,2,control,0.34489165568783425,True,0.15996169856183437
5,15,0.0,2,control,0.8538173773303747,True,0.6688874202043747
6,15,0.0,2,control,0.157140260204517,False,-0.027789696921482893
7,15,0.0,2,control,0.22113647906418707,False,0.036206521938187186
8,15,0.0,2,control,0.25338897690084966,False,0.06845901977484978
9,15,0.0,2,control,0.38903848763603294,True,0.20410853051003305
10,15,0.0,2,control,0.35118924566655285,False,0.16625928854055297
11,15,0.0,2,control,0.15490826559968213,False,-0.030021691526317756
12,15,0.0,2,control,0.15402051750779788,True,-0.030909439618202
13,15,0.0,2,control,0.12419336991989079,True,-0.0607365872061091
14,15,0.0,2,control,0.15997604590625955,False,-0.024953911219740332
15,15,0.0,2,control,0.15401237425892214,True,-0.030917582867077742
16,15,0.0,2,control,0.11731591698391768,False,-0.06761404014208221
17,15,0.0,2,control,0.11214956324887548,True,-0.0727803938771244
18,15,0.0,2,control,0.11488592939341107,False,-0.07004402773258882
19,15,0.0,2,control,0.16641924207868355,False,-0.01851071504731633
20,15,0.0,2,control,0.33705440174963613,True,0.15212444462363625
21,15,0.0,2,control,0.12136371714671043,False,-0.06356623997928945
22,15,0.0,2,control,0.1448191590018132,False,-0.04011079812418669
23,15,0.0,2,control,0.11189467381089399,True,-0.07303528331510589
24,15,0.0,2,control,0.12631789695969886,False,-0.05861206016630102
1,2,0.0,2,control,0.3504430659526777,False,0.16551310882667783
2,2,0.0,2,control,0.16938814259206075,False,-0.01554181453393913
3,2,0.0,2,control,0.1510706568754668,False,-0.033859300250533075
4,2,0.0,2,control,0.24175569873031927,False,0.056825741604319385
5,2,0.0,2,control,0.1583427189758017,False,-0.026587238150198172
6,2,0.0,2,control,0.176894369719662,False,-0.00803558740633789
7,2,0.0,2,control,0.14402427411257973,False,-0.04090568301342015
8,2,0.0,2,control,0.12766187820016767,True,-0.057268078925832216
9,2,0.0,2,control,0.23777269254346756,False,0.05284273541746767
10,2,0.0,2,control,0.3922474666352942,True,0.2073175095092943
11,2,0.0,2,control,0.15487517589353955,True,-0.03005478123246033
12,2,0.0,2,control,0.5386961759136074,True,0.3537662187876075
13,2,0.0,2,control,0.12636857317543318,False,-0.0585613839505667
14,2,0.0,2,control,0.34013132711369776,True,0.15520136998769787
15,2,0.0,2,control,0.2085892756162119,False,0.023659318490212022
16,2,0.0,2,control,0.16221055058958364,False,-0.022719406536416242
17,2,0.0,2,control,0.1428974652551292,False,-0.042032491870870686
18,2,0.0,2,control,0.12244579866898822,True,-0.06248415845701166
19,2,0.0,2,control,0.1062519384482243,True,-0.07867801867777559
20,2,0.0,2,control,0.2147618935193334,False,0.029831936393333508
21,2,0.0,2,control,0.24398846453071626,False,0.05905850740471638
22,2,0.0,2,control,0.17168794126669734,False,-0.013242015859302542
23,2,0.0,2,control,0.34922069176281306,False,0.16429073463681318
24,2,0.0,2,control,0.6075915494909305,True,0.4226615923649306
1,3,0.0,2,control,0.20200019145735498,False,0.0170702343313551
2,3,0.0,2,control,0.43505822416746354,True,0.2501282670414636
3,3,0.0,2,control,0.20299415708534072,False,0.018064199959340832
4,3,0.0,2,control,0.1209709615159977,True,-0.06395899561000218
5,3,0.0,2,control,0.3094332015793718,True,0.12450324445337194
6,3,0.0,2,control,0.4264117642647144,True,0.2414818071387145
7,3,0.0,2,control,0.12168626307318778,False,-0.0632436940528121
8,3,0.0,2,control,0.14370454464658083,False,-0.04122541247941905
9,3,0.0,2,control,0.12690953364738428,False,-0.05802042347861561
10,3,0.0,2,control,0.2386486381321406,True,0.05371868100614072
11,3,0.0,2,control,0.14706338280064557,False,-0.03786657432535431
12,3,0.0,2,control,0.1395452884515171,False,-0.04538466867448279
13,3,0.0,2,control,0.13778540306270667,False,-0.04714455406329321
14,3,0.0,2,control,0.21050323329342194,False,0.025573276167422054
15,3,0.0,2,control,0.16123195380022734,False,-0.023698003325772543
16,3,0.0,2,control,0.13650424896912844,False,-0.048425708156871444
17,3,0.0,2,control,0.14067840321654396,False,-0.044251553909455926
18,3,0.0,2,control,0.15210479124215698,False,-0.032825165883842905
19,3,0.0,2,control,0.13081749451414218,False,-0.0541124626118577
20,3,0.0,2,control,0.12532590893889523,False,-0.05960404818710466
21,3,0.0,2,control,0.11991279456454715,False,-0.06501716256145273
22,3,0.0,2,control,0.11793062356330553,False,-0.06699933356269436
1,4,0.0,2,control,0.12207442307673219,False,-0.06285553404926769
2,4,0.0,2,control,0.11962954022269043,False,-0.06530041690330946
3,4,0.0,2,control,0.16087504201858227,False,-0.024054915107417613
4,4,0.0,2,control,0.21215840918880588,False,0.027228452062805997
5,4,0.0,2,control,0.1837832592199216,False,-0.00114669790607827
6,4,0.0,2,control,0.18238279489584333,False,-0.002547162230156552
7,4,0.0,2,control,0.2496125542462532,True,0.06468259712025332
8,4,0.0,2,control,0.1069684607590085,False,-0.07796149636699139
1,5,0.0,2,control,0.11684323613939622,False,-0.06808672098660366
2,5,0.0,2,control,0.22205401458135618,False,0.037124057455356296
3,5,0.0,2,control,0.17167784170040382,False,-0.013252115425596067
4,5,0.0,2,control,0.12578146077599855,True,-0.05914849635000133
5,5,0.0,2,control,0.2401576450811808,False,0.055227687955180904
6,5,0.0,2,control,0.13290860231280913,False,-0.05202135481319076
7,5,0.0,2,control,0.1069612079589271,True,-0.07796874916707279
8,5,0.0,2,control,0.16082611694635612,True,-0.02410384017964376
9,5,0.0,2,control,0.17056256774706474,True,-0.014367389378935141
10,5,0.0,2,control,0.22691639463318508,True,0.0419864375071852
11,5,0.0,2,control,0.13761998302390693,False,-0.04730997410209295
12,5,0.0,2,control,0.14066653045651203,False,-0.04426342666948785
13,5,0.0,2,control,0.20120476338702198,False,0.016274806261022096
14,5,0.0,2,control,0.14480400393087933,False,-0.04012595319512055
15,5,0.0,2,control,0.18824493986755655,False,0.0033149827415566713
16,5,0.0,2,control,0.16402379920131518,False,-0.0209061579246847
17,5,0.0,2,control,0.2240337871784662,True,0.039103830052466315
18,5,0.0,2,control,0.1932501487569209,False,0.008320191630921014
19,5,0.0,2,control,0.20475920691503297,True,0.019829249789033082
20,5,0.0,2,control,0.12422320335249584,False,-0.06070675377350404
21,5,0.0,2,control,0.13270646183215562,False,-0.05222349529384426
1,6,0.0,2,control,0.23408586443837218,False,0.04915590731237229
2,6,0.0,2,control,0.15044929888885536,False,-0.034480658237144524
3,6,0.0,2,control,0.13729310247756626,False,-0.04763685464843362
4,6,0.0,2,control,0.1249159973343043,False,-0.06001395979169559
5,6,0.0,2,control,0.11143499014182341,False,-0.07349496698417647
6,6,0.0,2,control,0.3173847383399516,False,0.13245478121395174
7,6,0.0,2,control,0.14038478342473898,False,-0.044545173701260904
8,6,0.0,2,control,0.13999995721874572,False,-0.04492999990725416
9,6,0.0,2,control,0.36647745279521693,True,0.18154749566921705
10,6,0.0,2,control,0.2021343095822803,True,0.01720435245628041
11,6,0.0,2,control,0.14711145695821942,False,-0.03781850016778046
12,6,0.0,2,control,0.14766920666908256,False,-0.03726075045691732
13,6,0.0,2,control,0.22632321808235897,False,0.04139326095635909
14,6,0.0,2,control,0.16109322209469404,False,-0.023836735031305845
15,6,0.0,2,control,0.12443278816505492,False,-0.060497168960944966
16,6,0.0,2,control,0.627263661738459,True,0.44233370461245913
17,6,0.0,2,control,0.1451041121790111,False,-0.03982584494698879
18,6,0.0,2,control,0.691190258133813,True,0.506260301007813
1,7,0.0,2,control,0.1293584006863408,True,-0.05557155643965908
2,7,0.0,2,control,0.1517156602147036,False,-0.03321429691129629
3,7,0.0,2,control,0.15113285441160634,False,-0.03379710271439354
4,7,0.0,2,control,0.18823058958980038,False,0.003300632463800496
5,7,0.0,2,control,0.14888275561401648,False,-0.0360472015119834
6,7,0.0,2,control,0.1239430824272009,False,-0.06098687469879899
7,7,0.0,2,control,0.11449427880061254,False,-0.07043567832538734
8,7,0.0,2,control,0.11619784855858772,False,-0.06873210856741216
9,7,0.0,2,control,0.14571425911804464,False,-0.03921569800795524
10,7,0.0,2,control,0.14016241415249525,False,-0.04476754297350463
11,7,0.0,2,control,0.11042889071595696,True,-0.07450106641004292
12,7,0.0,2,control,0.18670007159549407,True,0.0017701144694941828
13,7,0.0,2,control,0.11338821915386302,False,-0.07154173797213687
14,7,0.0,2,control,0.2351898219560698,False,0.05025986483006992
15,7,0.0,2,control,0.18215010224538997,False,-0.0027798548806099166
16,7,0.0,2,control,0.18246497031353523,False,-0.0024649868124646535
1,8,0.0,2,control,0.13009319205332887,False,-0.05483676507267102
2,8,0.0,2,control,0.17764381458561168,False,-0.007286142540388202
3,8,0.0,2,control,0.13171514844209514,False,-0.05321480868390474
4,8,0.0,2,control,0.12223355801775418,False,-0.0626963991082457
5,8,0.0,2,control,0.13053901068311696,False,-0.05439094644288292
6,8,0.0,2,control,0.1369354283792563,True,-0.04799452874674359
7,8,0.0,2,control,0.2843268548751817,True,0.09939689774918184
8,8,0.0,2,control,0.43270405312896204,False,0.24777409600296216
9,8,0.0,2,control,0.1036476981348762,True,-0.08128225899112368
10,8,0.0,2,control,0.12883038714338957,False,-0.056099569982610314
11,8,0.0,2,control,0.15956610344555863,False,-0.02536385368044125
12,8,0.0,2,control,0.6206962791634159,True,0.43576632203741594
13,8,0.0,2,control,0.12473832634014861,True,-0.06019163078585127
14,8,0.0,2,control,0.30849835957391186,True,0.12356840244791198
15,8,0.0,2,control,0.1593812983644994,True,-0.025548658761500476
16,8,0.0,2,control,0.12405516812958702,True,-0.06087478899641287
17,8,0.0,2,control,0.17908594568386857,True,-0.005844011442131314
18,8,0.0,2,control,0.3332812444921019,False,0.148351287366102
19,8,0.0,2,control,0.11954499697880445,False,-0.06538496014719543
20,8,0.0,2,control,0.336582772472118,False,0.1516528153461181
21,8,0.0,2,control,0.13128108210627717,False,-0.05364887501972271
22,8,0.0,2,control,0.11641631049520167,False,-0.06851364663079822
23,8,0.0,2,control,0.5277219070165781,True,0.34279194989057815
24,8,0.0,2,control,0.15838078004973868,True,-0.0265491770762612
25,8,0.0,2,control,0.1250073626028429,False,-0.059922594523156986
1,9,0.0,2,control,0.14220482584118257,False,-0.04272513128481731
2,9,0.0,2,control,0.14591997727172962,False,-0.039009979854270266
3,9,0.0,2,control,0.11837303032559687,False,-0.06655692680040301
4,9,0.0,2,control,0.033320106357272936,False,-0.15160985076872696
5,9,0.0,2,control,0.1146872577454002,True,-0.07024269938059968
6,9,0.0,2,control,0.15309431880583252,False,-0.031835638320167364
7,9,0.0,2,control,0.12681093197312143,False,-0.05811902515287845
8,9,0.0,2,control,0.322430052435367,True,0.1375000953093671
9,9,0.0,2,control,0.1208612673191533,False,-0.06406868980684659
10,9,0.0,2,control,0.14692471819970968,False,-0.03800523892629021
11,9,0.0,2,control,0.1322245600224728,False,-0.05270539710352709
12,9,0.0,2,control,0.13293274741189956,False,-0.05199720971410032
13,9,0.0,2,control,0.12043348883418895,True,-0.06449646829181094
14,9,0.0,2,control,0.23745317848358702,True,0.052523221357587135
15,9,0.0,2,control,0.14989361947239305,False,-0.035036337653606836
16,9,0.0,2,control,0.12171005626369227,False,-0.06321990086230761
17,9,0.0,2,control,0.1490919999561971,False,-0.03583795716980279
